START -2724 -8456 17260 -3649 -461 97 END
START 6668 -17276 -32352 -51 -122 174 END
START 12012 -5268 18848 -2673 2240 -326 END
START 928 -8824 8036 -1999 2545 634 END
START 1200 -8880 11584 -2363 3246 1222 END
START 744 -9240 13108 -2799 2871 1603 END
START 372 -8712 13312 -2779 2628 1987 END
START 1440 -8328 12348 -2638 2662 2197 END
START 1752 -8408 11736 -2525 2391 2170 END
START 1692 -8820 11784 -2304 2387 2144 END
START 1600 -9244 11712 -2117 2477 2119 END
START 1196 -9288 11656 -2107 2509 1979 END
START 1020 -9504 11676 -1988 2452 1976 END
START 1160 -9944 11528 -1896 2246 1810 END
START 1224 -9944 11648 -1861 2111 1471 END
START 956 -10024 11568 -1611 1994 1258 END
START 924 -10072 11180 -1503 1890 978 END
START 804 -10100 11236 -1409 1831 565 END
START 524 -9936 11544 -1164 1621 196 END
START 272 -9800 11556 -934 1397 -111 END
START 220 -9420 11456 -726 1083 -326 END
START 160 -9288 11492 -410 811 -570 END
START 412 -9200 10860 -153 651 -754 END
START 664 -8992 10656 95 552 -879 END
START 584 -8768 10676 426 454 -994 END
START 644 -8552 10368 618 415 -957 END
START 752 -7924 10312 772 271 -901 END
START 824 -7588 10640 969 189 -733 END
START 756 -7436 10336 1100 52 -516 END
START 1156 -7300 10628 1181 -138 -336 END
START 1200 -7316 10592 1260 -316 -127 END
START 1332 -7300 10500 1312 -490 32 END
START 1196 -7264 10548 1394 -719 187 END
START 1244 -7092 10500 1406 -903 357 END
START 1448 -7288 10456 1437 -1152 450 END
START 1096 -7032 10176 1446 -1315 547 END
START 1052 -7064 10180 1484 -1465 659 END
START 1140 -6936 9976 1522 -1590 784 END
START 1284 -6912 9520 1510 -1608 844 END
START 1236 -6916 9340 1481 -1595 877 END
START 1172 -6864 9144 1462 -1572 938 END
START 1284 -6888 9152 1463 -1483 975 END
START 1260 -6860 8740 1410 -1411 1021 END
START 1292 -6804 8724 1370 -1265 1076 END
START 1248 -6700 8872 1336 -1187 1093 END
START 1084 -6668 8808 1353 -1093 1159 END
START 1092 -6580 8784 1372 -983 1186 END
START 1076 -6432 8820 1380 -873 1216 END
START 1072 -6584 8652 1350 -765 1190 END
START 1208 -6772 8408 1305 -670 1185 END
START 1024 -6528 8584 1216 -536 1184 END
START 928 -6460 8616 1219 -436 1212 END
START 1060 -6560 8308 1175 -302 1153 END
START 988 -6628 8200 1014 -126 1086 END
START 908 -6576 8304 892 95 998 END
START 988 -6524 8204 815 268 916 END
START 948 -6420 8340 847 432 854 END
START 732 -6448 8632 953 463 841 END
START 596 -6384 8680 1141 487 853 END
START 804 -6236 8280 1228 487 866 END
START 940 -5984 8588 1338 531 849 END
START 820 -5760 8436 1423 552 888 END
START 852 -5608 8480 1538 566 947 END
START 816 -5232 8532 1645 544 1014 END
START 776 -5260 8780 1819 447 1099 END
START 700 -4776 8324 1843 444 1233 END
START 972 -4872 8216 1921 470 1281 END
START 872 -4816 7928 1893 505 1320 END
START 728 -4664 8292 1983 557 1397 END
START 760 -4460 8272 2085 577 1453 END
START 584 -4436 7920 2188 623 1524 END
START 608 -4388 7772 2274 658 1554 END
START 512 -4656 7848 2353 641 1558 END
START 496 -4728 7704 2494 621 1500 END
START 288 -4500 7656 2615 620 1473 END
START 420 -4448 7352 2783 615 1416 END
START 340 -4416 7268 2899 600 1389 END
START 220 -4420 7224 3108 567 1346 END
START 312 -4624 7132 3323 526 1241 END
START 268 -4712 7056 3594 464 1179 END
START 376 -4768 6844 3832 474 1025 END
START 288 -4544 6532 4100 473 932 END
START 248 -4420 6420 4385 568 857 END
START 812 -4512 6088 4521 725 744 END
START 644 -4344 6252 4856 893 698 END
START 600 -4260 6336 5117 1051 717 END
START 652 -4172 6508 5407 1205 744 END
START 840 -4116 6560 5664 1336 758 END
START 844 -4280 6772 5973 1428 801 END
START 1016 -4296 6976 6198 1543 868 END
START 1008 -4204 7156 6337 1593 963 END
START 1032 -3936 7400 6554 1670 1107 END
START 1036 -3616 7340 6655 1751 1279 END
START 1064 -3604 7536 6725 1809 1476 END
START 948 -3432 7736 6843 1835 1717 END
START 952 -3400 7780 6961 1869 1990 END
START 1068 -3520 7752 7013 1964 2233 END
START 1276 -3652 7604 6996 2080 2416 END
START 1252 -3816 7460 7037 2268 2595 END
START 1236 -3732 7684 7088 2513 2794 END
START 1008 -3748 7456 7052 2763 2928 END
START 1004 -3824 7728 7020 3023 3112 END
START 948 -4108 7992 7004 3245 3264 END
START 900 -4424 8408 6997 3488 3369 END
START 916 -5048 8592 7000 3696 3389 END
START 880 -5432 8744 7063 3828 3435 END
START 764 -5628 9072 7209 3912 3405 END
START 928 -5920 9448 7364 3986 3421 END
START 880 -6172 9684 7566 4033 3429 END
START 752 -6356 9932 7735 4030 3460 END
START 952 -6596 10276 7951 4041 3472 END
START 740 -6988 10744 8181 3997 3471 END
START 704 -7172 11008 8435 3894 3474 END
START 756 -7572 11228 8646 3867 3456 END
START 776 -7488 11504 8855 3738 3440 END
START 848 -7736 11908 9015 3671 3418 END
START 840 -7740 11988 9247 3515 3423 END
START 852 -7880 12328 9432 3361 3405 END
START 796 -8024 12868 9675 3140 3421 END
START 960 -7984 13048 9911 2916 3464 END
START 996 -7900 13148 10144 2765 3529 END
START 1072 -8124 13384 10387 2588 3600 END
START 1104 -8076 13640 10549 2477 3677 END
START 1096 -8124 13676 10671 2392 3782 END
START 1112 -8376 13840 10727 2326 3856 END
START 1112 -8376 13904 10769 2357 3982 END
START 1172 -8580 14140 10736 2377 4106 END
START 1016 -8632 14432 10721 2458 4233 END
START 948 -8744 14964 10679 2444 4410 END
START 832 -9024 15220 10546 2504 4523 END
START 764 -9316 15464 10411 2571 4600 END
START 612 -9588 15716 10208 2612 4668 END
START 440 -9684 16084 9932 2671 4693 END
START 456 -9824 16260 9589 2743 4654 END
START 296 -10084 16576 9245 2809 4625 END
START 144 -10408 16960 8895 2862 4526 END
START 88 -10472 17120 8483 2887 4437 END
START 12 -10532 17196 8054 2926 4323 END
START -108 -10652 17484 7624 2973 4217 END
START -228 -10748 17732 7229 2937 4072 END
START -468 -10976 18164 6833 2888 3910 END
START -724 -10908 18328 6360 2834 3770 END
START -788 -11240 18440 5975 2825 3624 END
START -904 -11088 18440 5841 2731 3560 END
START -920 -11940 19052 5448 2689 3171 END
START -1956 -11932 19444 5665 2387 3284 END
START -1348 -11220 19188 5426 2306 3379 END
START -1076 -11688 19476 4893 2232 3147 END
START -1092 -12324 19932 4537 2217 2839 END
START -1540 -12584 20504 4369 2171 2529 END
START -2052 -12528 20788 4320 2011 2398 END
START -2212 -12204 21080 4305 1822 2318 END
START -2304 -12384 21008 4345 1589 2315 END
START -2224 -12276 20900 4332 1425 2265 END
START -2272 -12276 20960 4352 1340 2189 END
START -2324 -12176 20756 4119 1181 2054 END
START -2424 -12132 20992 3802 1092 1889 END
START -2436 -12228 21072 3472 1005 1730 END
START -2632 -12236 21368 3193 828 1550 END
START -2844 -12160 21812 2966 685 1414 END
START -3044 -11888 21952 2760 484 1353 END
START -2812 -11896 21924 2522 325 1210 END
START -2780 -11892 21924 2263 253 1089 END
START -2876 -11752 21708 1869 206 1007 END
START -2948 -11460 21604 1424 202 857 END
START -2960 -11380 21696 947 239 745 END
START -2928 -11276 21788 423 242 617 END
START -3148 -11192 21960 -36 265 469 END
START -3228 -11136 21976 -467 323 318 END
START -3160 -10940 21896 -930 327 207 END
START -3196 -10836 21952 -1386 370 95 END
START -3172 -10616 22012 -1799 326 14 END
START -3268 -10508 21968 -2240 286 -111 END
START -3216 -10240 21976 -2630 218 -170 END
START -3308 -10212 21872 -2983 60 -276 END
START -3304 -10032 21728 -3258 -64 -368 END
START -3344 -9900 21744 -3576 -170 -464 END
START -3276 -9768 21444 -3822 -345 -548 END
START -3324 -9772 21260 -4062 -424 -666 END
START -3360 -9584 20840 -4290 -611 -806 END
START -3216 -9356 20848 -4555 -733 -943 END
START -3380 -9152 20624 -4835 -817 -1086 END
START -3196 -9088 20380 -5037 -967 -1197 END
START -3108 -8860 20004 -5312 -1055 -1318 END
START -2984 -8580 19576 -5543 -1148 -1447 END
START -2908 -8592 19348 -5797 -1224 -1586 END
START -2748 -8456 19040 -6022 -1285 -1712 END
START -2728 -8172 18776 -6264 -1302 -1834 END
START -2500 -7928 18284 -6519 -1385 -1937 END
START -2444 -7780 18012 -6772 -1380 -1971 END
START -2228 -7564 17624 -7061 -1345 -2025 END
START -2176 -7396 17468 -7355 -1345 -2030 END
START -2160 -7156 17084 -7627 -1275 -2063 END
START -1980 -7016 16820 -7832 -1234 -2050 END
START -1912 -7064 16912 -8056 -1243 -2066 END
START -1840 -6864 16460 -8234 -1217 -2085 END
START -1684 -6904 16240 -8411 -1242 -2100 END
START -1676 -6744 16008 -8610 -1242 -2128 END
START -1680 -6712 15752 -8750 -1241 -2141 END
START -1648 -6740 15668 -8896 -1258 -2141 END
START -1568 -6724 15528 -9013 -1276 -2125 END
START -1536 -6964 15304 -9016 -1300 -2138 END
START -1428 -7100 15048 -9005 -1281 -2223 END
START -1360 -7036 14760 -9007 -1282 -2285 END
START -1376 -6884 14600 -9007 -1256 -2329 END
START -1380 -6856 14456 -9037 -1235 -2329 END
START -1208 -6940 14344 -9041 -1212 -2382 END
START -1252 -6896 14208 -9066 -1156 -2397 END
START -1324 -6948 14296 -9070 -1169 -2466 END
START -1300 -7020 14036 -9088 -1179 -2511 END
START -1236 -7016 14092 -9075 -1201 -2534 END
START -1272 -7060 13908 -9108 -1224 -2578 END
START -1260 -7216 13824 -9162 -1204 -2614 END
START -1160 -7076 13572 -9221 -1208 -2665 END
START -1136 -7240 13488 -9285 -1188 -2733 END
START -1120 -7288 13372 -9358 -1185 -2759 END
START -996 -7476 13356 -9376 -1165 -2841 END
START -812 -7516 13092 -9407 -1110 -2929 END
START -716 -7572 12752 -9390 -1065 -2975 END
START -856 -7236 12828 -9393 -970 -3034 END
START -988 -7136 12576 -9398 -930 -3004 END
START -768 -7204 12476 -9408 -865 -2944 END
START -720 -7380 12728 -9414 -831 -2914 END
START -644 -7376 12248 -9411 -759 -2879 END
START -664 -7348 12516 -9465 -744 -2874 END
START -740 -7384 12392 -9448 -737 -2828 END
START -756 -7364 12192 -9495 -746 -2805 END
START -800 -7432 12304 -9535 -786 -2759 END
START -788 -7536 12112 -9531 -777 -2732 END
START -672 -7552 12120 -9576 -774 -2740 END
START -724 -7876 11844 -9539 -753 -2741 END
START -616 -7784 11760 -9492 -771 -2786 END
START -712 -7856 11732 -9472 -746 -2766 END
START -780 -7824 11616 -9416 -798 -2781 END
START -704 -7756 11548 -9341 -784 -2821 END
START -888 -7968 11428 -9256 -854 -2856 END
START -872 -8048 11392 -9210 -906 -2903 END
START -780 -8268 11140 -9244 -912 -3020 END
START -768 -8272 11032 -9276 -946 -3129 END
START -696 -8296 10888 -9266 -924 -3225 END
START -712 -8288 10740 -9270 -873 -3298 END
START -652 -8184 10456 -9319 -821 -3383 END
START -604 -8160 10616 -9263 -826 -3450 END
START -800 -8044 10856 -9116 -838 -3441 END
START -876 -7952 10648 -8977 -880 -3409 END
START -716 -7960 10484 -8836 -928 -3381 END
START -652 -8100 10080 -8771 -967 -3364 END
START -644 -8008 10112 -8678 -1018 -3394 END
START -496 -7980 9920 -8550 -1026 -3370 END
START -624 -7844 9684 -8376 -1055 -3308 END
START -460 -7856 9604 -8244 -1037 -3272 END
START -552 -7764 9636 -8167 -1112 -3164 END
START -676 -7460 9708 -8073 -1168 -3068 END
START -460 -7520 9640 -7941 -1192 -2893 END
START -388 -7640 9404 -7812 -1226 -2798 END
START -392 -7856 9300 -7771 -1228 -2726 END
START -444 -7856 9084 -7676 -1232 -2662 END
START -316 -7712 9120 -7534 -1272 -2613 END
START -412 -7600 8924 -7522 -1267 -2484 END
START -416 -7648 8836 -7409 -1253 -2406 END
START -476 -7708 8804 -7325 -1260 -2354 END
START -436 -7756 8620 -7213 -1235 -2278 END
START -488 -7860 8496 -7135 -1214 -2201 END
START -528 -7960 8532 -6994 -1206 -2223 END
START -472 -7888 8316 -6884 -1158 -2188 END
START -588 -7976 8140 -6786 -1083 -2223 END
START -480 -7964 8096 -6629 -1019 -2231 END
START -592 -8072 8004 -6513 -958 -2272 END
START -680 -8064 7936 -6374 -937 -2296 END
START -696 -7932 8044 -6298 -882 -2338 END
START -624 -8028 7852 -6101 -836 -2384 END
START -588 -8032 7808 -6002 -847 -2450 END
START -596 -8240 7500 -5841 -772 -2498 END
START -632 -8108 7528 -5711 -733 -2617 END
START -660 -8044 7748 -5569 -671 -2687 END
START -744 -8088 7508 -5430 -655 -2736 END
START -672 -8028 7684 -5280 -621 -2795 END
START -624 -8032 7368 -5126 -607 -2877 END
START -568 -7968 7452 -4966 -620 -2951 END
START -604 -8060 7576 -4779 -589 -3013 END
START -496 -7844 7336 -4649 -621 -2980 END
START -624 -7756 7396 -4509 -680 -2998 END
START -560 -7616 7416 -4369 -672 -2969 END
START -476 -7504 7288 -4208 -703 -2901 END
START -364 -7492 7128 -4065 -703 -2885 END
START -344 -7564 7064 -3926 -714 -2853 END
START -364 -7540 6840 -3775 -682 -2815 END
START -192 -7456 6784 -3646 -678 -2799 END
START -324 -7416 6624 -3521 -597 -2822 END
START -344 -7416 6788 -3398 -602 -2802 END
START -404 -7328 6740 -3204 -587 -2807 END
START -476 -7308 6900 -3043 -639 -2796 END
START -424 -7212 6940 -2863 -687 -2747 END
START -420 -7196 6624 -2666 -723 -2754 END
START -396 -7040 6708 -2443 -748 -2730 END
START -400 -7100 6752 -2263 -805 -2732 END
START -440 -7004 6760 -2061 -838 -2717 END
START -384 -7048 6748 -1855 -855 -2708 END
START -456 -6932 6544 -1739 -897 -2714 END
START -416 -6856 6452 -1548 -901 -2707 END
START -456 -6792 6536 -1412 -925 -2739 END
START -368 -6688 6560 -1224 -932 -2710 END
START -400 -6600 6252 -1059 -928 -2688 END
START -340 -6632 6220 -872 -929 -2697 END
START -368 -6624 6340 -704 -924 -2648 END
START -492 -6668 6348 -509 -983 -2663 END
START -412 -6664 6412 -321 -1027 -2673 END
START -460 -6700 6524 -120 -1067 -2639 END
START -428 -6736 6348 47 -1128 -2671 END
START -340 -6760 6148 201 -1168 -2671 END
START -220 -6784 6016 392 -1201 -2700 END
START -160 -6812 6076 549 -1219 -2696 END
START -80 -6856 6052 678 -1245 -2715 END
START 56 -6732 5844 838 -1235 -2712 END
START 32 -6616 5776 974 -1213 -2733 END
START 32 -6616 5732 1101 -1219 -2714 END
START 240 -6600 5864 1279 -1232 -2680 END
START 320 -6616 5628 1381 -1212 -2702 END
START 452 -6660 5516 1555 -1219 -2725 END
START 460 -6668 5548 1731 -1153 -2767 END
START 584 -6568 5560 1896 -1182 -2766 END
START 692 -6644 5292 2109 -1158 -2767 END
START 876 -6676 5320 2302 -1108 -2778 END
START 976 -6712 5040 2516 -1072 -2781 END
START 1140 -6476 5164 2663 -996 -2783 END
START 1120 -6408 5016 2845 -886 -2744 END
START 1220 -6360 4832 3026 -768 -2670 END
START 1244 -6292 4912 3183 -650 -2630 END
START 1256 -6324 5092 3360 -527 -2546 END
START 1412 -6380 5352 3545 -457 -2459 END
START 1344 -6316 5360 3744 -358 -2400 END
START 1356 -6392 5412 3876 -324 -2299 END
START 1360 -6488 5508 4091 -283 -2208 END
START 1368 -6608 5772 4310 -221 -2124 END
START 1484 -6636 5796 4519 -174 -2051 END
START 1252 -6740 6196 4729 -157 -1970 END
START 1296 -6756 6508 4970 -153 -1864 END
START 1212 -6960 6736 5184 -186 -1752 END
START 1104 -7200 6868 5390 -234 -1676 END
START 1104 -7200 7156 5615 -249 -1611 END
START 1084 -7468 7232 5775 -292 -1554 END
START 980 -7420 7496 5953 -332 -1517 END
START 1016 -7480 7700 6096 -376 -1484 END
START 952 -7572 7996 6229 -449 -1437 END
START 856 -7696 8288 6390 -498 -1426 END
START 996 -7796 8480 6537 -559 -1402 END
START 904 -7832 8732 6720 -672 -1407 END
START 744 -7916 8952 6920 -782 -1407 END
START 672 -7884 9320 7052 -942 -1421 END
START 756 -7984 9204 7169 -1061 -1454 END
START 692 -7956 9320 7310 -1181 -1481 END
START 856 -8068 9336 7445 -1274 -1586 END
START 900 -7964 9196 7477 -1302 -1647 END
START 864 -7764 9436 7541 -1315 -1690 END
START 948 -7636 9356 7565 -1274 -1731 END
START 956 -7460 9228 7513 -1194 -1758 END
START 912 -7488 9516 7541 -1177 -1809 END
START 872 -7344 9512 7554 -1111 -1822 END
START 844 -7216 9664 7530 -1068 -1816 END
START 788 -7132 9812 7562 -994 -1794 END
START 808 -7124 10084 7572 -1020 -1776 END
START 868 -7164 10292 7576 -1055 -1716 END
START 820 -7200 10444 7598 -1071 -1734 END
START 732 -7292 10480 7577 -1130 -1701 END
START 768 -7440 10900 7607 -1238 -1672 END
START 808 -7812 11040 7644 -1336 -1741 END
START 880 -8104 10936 7676 -1411 -1815 END
START 1044 -8212 10932 7691 -1475 -1893 END
START 1036 -8260 10964 7681 -1491 -1992 END
START 1152 -8240 10800 7721 -1535 -2072 END
START 1180 -8108 10984 7686 -1566 -2166 END
START 1128 -8044 10900 7653 -1543 -2201 END
START 1440 -8092 10776 7596 -1530 -2254 END
START 1728 -8084 10816 7528 -1479 -2289 END
START 1676 -7992 10844 7473 -1488 -2363 END
START 1840 -7960 10668 7332 -1409 -2418 END
START 2072 -7940 10508 7159 -1269 -2476 END
START 1732 -8336 10776 7070 -1254 -2626 END
START 1744 -7572 10744 7007 -1154 -2408 END
START 2224 -7664 10984 6878 -977 -2338 END
START 2364 -7792 11164 6885 -871 -2470 END
START 2144 -8448 11576 7042 -798 -2695 END
START 1720 -8328 11644 7337 -840 -2772 END
START 1460 -8108 11848 7496 -936 -2825 END
START 1264 -7928 11832 7617 -1037 -2747 END
START 1272 -7796 11720 7732 -1161 -2693 END
START 1572 -7508 11624 7757 -1145 -2675 END
START 1676 -7580 11740 7778 -1157 -2669 END
START 1580 -7432 11912 7910 -1153 -2611 END
START 1544 -7228 12232 8075 -1226 -2486 END
START 1668 -7180 12112 8127 -1232 -2291 END
START 1788 -7312 12172 7979 -1263 -2142 END
START 1904 -7340 12224 7834 -1243 -2082 END
START 1908 -7388 12304 7696 -1201 -2018 END
START 1812 -7432 12612 7564 -1138 -1949 END
START 1952 -7524 12584 7461 -1132 -1883 END
START 1956 -7836 12720 7385 -1072 -1833 END
START 1916 -7968 12736 7370 -1049 -1799 END
START 2152 -8120 12528 7348 -973 -1791 END
START 2068 -8124 12492 7327 -920 -1805 END
START 2084 -8088 12468 7268 -788 -1793 END
START 2144 -8072 12520 7258 -721 -1777 END
START 2104 -8052 12440 7204 -643 -1699 END
START 2080 -8124 12444 7143 -536 -1638 END
START 2320 -8192 12584 7104 -455 -1650 END
START 2220 -8132 12528 7105 -346 -1628 END
START 2360 -7964 12688 7104 -248 -1569 END
START 2240 -7868 12588 7052 -152 -1472 END
START 2252 -7796 12664 7049 -23 -1392 END
START 2296 -7732 12796 7020 7 -1263 END
START 2360 -7756 12824 7011 107 -1170 END
START 2320 -7908 13068 6992 197 -1118 END
START 2304 -8016 13152 7026 227 -1086 END
START 2252 -8076 13156 7086 244 -1040 END
START 2132 -7988 13300 7103 257 -973 END
START 2220 -8028 13264 7094 238 -948 END
START 2280 -8132 13604 7155 200 -896 END
START 2256 -8300 13756 7278 162 -867 END
START 2132 -8356 13736 7385 114 -840 END
START 2220 -8236 13908 7540 51 -790 END
START 2100 -8424 13980 7702 41 -727 END
START 2316 -8548 14000 7828 26 -699 END
START 2344 -8624 14036 7879 47 -635 END
START 2500 -8824 14240 7905 122 -606 END
START 2564 -8924 14376 7918 163 -596 END
START 2364 -8820 14356 7906 210 -546 END
START 2516 -8860 14524 7853 335 -497 END
START 2464 -8836 14616 7777 416 -481 END
START 2424 -8992 14996 7779 543 -464 END
START 2308 -9004 15088 7684 631 -429 END
START 2268 -9132 15312 7580 737 -448 END
START 2384 -9340 15700 7479 858 -490 END
START 2296 -9436 15840 7311 962 -555 END
START 2288 -9312 15984 7126 1054 -566 END
START 2244 -9420 16012 6961 1178 -568 END
START 2216 -9356 16468 6734 1350 -585 END
START 2392 -9332 16552 6535 1482 -602 END
START 2372 -9404 16828 6392 1633 -569 END
START 2452 -9488 17296 6190 1751 -525 END
START 2288 -9536 17624 6014 1863 -489 END
START 2248 -9548 18004 5810 1912 -441 END
START 2120 -9616 18364 5570 1948 -354 END
START 2104 -9724 18736 5361 1952 -315 END
START 1952 -9748 18992 5101 1936 -278 END
START 1944 -9756 19184 4847 1950 -199 END
START 1752 -9756 19556 4545 1916 -152 END
START 1764 -9772 19844 4227 1878 -118 END
START 1732 -9992 20100 3954 1891 -127 END
START 1724 -9972 20308 3680 1792 -124 END
START 1660 -10100 20724 3406 1720 -96 END
START 1568 -9956 20660 3099 1620 -91 END
START 1660 -10060 20888 2808 1563 -67 END
START 1680 -10016 21272 2507 1480 -76 END
START 1632 -9980 21180 2200 1433 -46 END
START 1592 -9860 21252 1899 1331 -10 END
START 1612 -9804 21640 1543 1281 -9 END
START 1496 -9612 21684 1218 1206 37 END
START 1572 -9688 21696 887 1124 42 END
START 1652 -9628 21840 460 1009 69 END
START 1540 -9468 21780 104 876 59 END
START 1612 -9456 21968 -257 790 56 END
START 1604 -9372 21992 -686 741 87 END
START 1476 -9328 21776 -1079 676 77 END
START 1632 -9348 21464 -1523 660 108 END
START 1612 -9092 21436 -1944 636 105 END
START 1720 -9144 21524 -2383 673 88 END
START 1528 -8928 21048 -2819 725 89 END
START 1708 -8760 21008 -3225 720 118 END
START 1624 -8728 21108 -3657 712 148 END
START 1788 -8692 20968 -4033 753 173 END
START 1668 -8508 20924 -4442 681 208 END
START 1720 -8436 20640 -4812 650 222 END
START 1692 -8312 20428 -5152 631 276 END
START 1780 -8316 20400 -5502 565 355 END
START 1780 -8176 20076 -5852 573 393 END
START 1776 -7980 19936 -6180 589 471 END
START 1812 -7872 19472 -6512 567 517 END
START 1824 -7740 19192 -6868 589 622 END
START 1900 -7672 18816 -7176 611 676 END
START 1880 -7640 18296 -7496 706 796 END
START 1928 -7380 18180 -7825 771 859 END
START 2028 -7452 18004 -8067 830 957 END
START 1928 -7456 17592 -8350 941 1031 END
START 1812 -7432 17576 -8616 1010 1096 END
START 1748 -7500 17512 -8824 1071 1160 END
START 1716 -7576 17164 -9041 1108 1135 END
START 1724 -7584 16940 -9210 1147 1174 END
START 1668 -7616 16652 -9449 1212 1177 END
START 1540 -7560 16536 -9644 1265 1173 END
START 1412 -7628 16392 -9807 1345 1187 END
START 1424 -7564 15956 -9975 1389 1172 END
START 1384 -7596 15780 -10118 1432 1168 END
START 1424 -7588 15568 -10237 1466 1188 END
START 1424 -7612 15440 -10331 1512 1197 END
START 1200 -7452 15204 -10432 1539 1211 END
START 1172 -7604 15044 -10480 1574 1202 END
START 1156 -7560 14696 -10590 1610 1248 END
START 1004 -7532 14556 -10643 1612 1241 END
START 1000 -7748 14320 -10697 1628 1253 END
START 968 -7820 14124 -10692 1619 1203 END
START 680 -7796 13960 -10662 1556 1172 END
START 656 -7808 13884 -10657 1567 1178 END
START 596 -7872 13680 -10632 1475 1172 END
START 484 -7972 13624 -10558 1424 1166 END
START 476 -8096 13576 -10518 1347 1103 END
START 324 -8036 13344 -10465 1273 1060 END
START 212 -8060 13148 -10378 1199 1001 END
START 352 -8080 13100 -10283 1127 982 END
START 264 -8136 13044 -10148 1041 949 END
START 336 -8160 12780 -10051 939 893 END
START 328 -8104 12676 -9914 863 867 END
START 352 -8172 12400 -9842 751 836 END
START 204 -8060 12412 -9776 671 820 END
START 224 -8072 12264 -9746 584 811 END
START 256 -7992 12140 -9755 521 743 END
START 236 -7972 11692 -9740 448 752 END
START 188 -7856 11544 -9794 413 670 END
START 196 -8016 11476 -9848 392 653 END
START 120 -7892 11280 -9866 407 607 END
START 144 -7852 11088 -9920 477 543 END
START 100 -7836 11048 -9934 480 545 END
START 156 -7856 10900 -9902 505 522 END
START 132 -7760 10524 -9839 518 501 END
START 144 -7764 10624 -9779 507 487 END
START 156 -7824 10416 -9728 524 441 END
START 152 -7796 10208 -9654 549 400 END
START 124 -7896 10308 -9570 546 388 END
START -24 -7920 9900 -9502 528 344 END
START 84 -7856 9988 -9409 472 307 END
START 56 -7996 9772 -9288 467 240 END
START -44 -8072 9744 -9170 438 164 END
START -16 -8072 9636 -9039 389 113 END
START -116 -8040 9568 -8929 372 10 END
START 60 -7888 9168 -8807 392 -48 END
START -112 -7972 9076 -8679 390 -121 END
START -72 -8024 8912 -8570 416 -208 END
START -92 -8068 8796 -8436 464 -254 END
START -108 -7884 8680 -8293 479 -337 END
START -144 -7788 8596 -8120 477 -370 END
START -128 -7856 8508 -7997 467 -411 END
START -128 -7872 8428 -7876 467 -462 END
START -68 -7856 8392 -7712 466 -554 END
START -124 -7952 8284 -7546 395 -641 END
START -188 -7828 8164 -7366 379 -732 END
START -176 -7880 8000 -7190 333 -774 END
START -268 -7760 7856 -6989 333 -840 END
START -168 -7652 7772 -6808 284 -886 END
START -180 -7660 7660 -6622 228 -899 END
START -180 -7668 7564 -6433 245 -977 END
START -264 -7780 7496 -6252 225 -1019 END
START -228 -7704 7248 -6081 235 -1048 END
START -156 -7672 7232 -5942 208 -1071 END
START -196 -7624 7196 -5790 197 -1128 END
START -228 -7548 7052 -5648 204 -1136 END
START -192 -7528 7108 -5492 150 -1160 END
START -284 -7576 7224 -5347 120 -1190 END
START -340 -7552 6928 -5227 95 -1196 END
START -368 -7564 6960 -5059 69 -1232 END
START -364 -7656 6936 -4948 26 -1264 END
START -364 -7572 6744 -4823 -31 -1353 END
START -484 -7572 6532 -4632 -72 -1392 END
START -392 -7596 6592 -4484 -68 -1456 END
START -392 -7532 6516 -4278 -109 -1524 END
START -388 -7628 6392 -4102 -132 -1565 END
START -556 -7568 6256 -3937 -137 -1669 END
START -584 -7516 6460 -3746 -147 -1742 END
START -480 -7408 6256 -3530 -237 -1828 END
START -508 -7376 6124 -3372 -264 -1931 END
START -464 -7372 5992 -3124 -291 -2029 END
START -548 -7240 6164 -2929 -291 -2085 END
START -508 -7028 5852 -2687 -333 -2131 END
START -520 -6924 5956 -2480 -300 -2181 END
START -456 -6908 6072 -2268 -335 -2208 END
START -392 -6904 5948 -2032 -308 -2244 END
START -384 -6912 5948 -1820 -322 -2244 END
START -504 -6844 6044 -1602 -347 -2254 END
START -404 -6724 6020 -1397 -351 -2278 END
START -444 -6716 5908 -1273 -408 -2293 END
START -408 -6676 5780 -1062 -382 -2282 END
START -376 -6648 5772 -891 -372 -2318 END
START -404 -6720 5764 -749 -369 -2343 END
START -312 -6572 5732 -590 -329 -2374 END
START -340 -6524 5764 -419 -395 -2342 END
START -468 -6644 5796 -229 -399 -2395 END
START -472 -6744 5804 -29 -443 -2422 END
START -404 -6708 5684 149 -512 -2424 END
START -376 -6768 5944 334 -546 -2500 END
START -392 -6688 5696 550 -604 -2567 END
START -396 -6660 5736 733 -651 -2637 END
START -344 -6636 5784 977 -732 -2706 END
START -440 -6564 5896 1229 -790 -2757 END
START -220 -6524 5884 1422 -891 -2825 END
START -164 -6556 5828 1667 -956 -2916 END
START -160 -6592 5880 1933 -1080 -2967 END
START -84 -6476 5848 2196 -1164 -3088 END
START 124 -6508 5892 2468 -1237 -3215 END
START 48 -6416 5724 2757 -1289 -3280 END
START 180 -6372 5628 2984 -1295 -3392 END
START 288 -6296 5416 3204 -1341 -3459 END
START 400 -6184 5520 3467 -1316 -3537 END
START 588 -6128 5400 3708 -1281 -3559 END
START 724 -6080 5396 3934 -1249 -3615 END
START 612 -5896 5632 4165 -1163 -3633 END
START 552 -5660 5612 4429 -1194 -3622 END
START 684 -5524 5664 4667 -1191 -3622 END
START 712 -5560 5212 4708 -1118 -3594 END
START 976 -5800 6148 5032 -1183 -3615 END
START 668 -5296 6212 5351 -1240 -3532 END
START 756 -5292 6072 5594 -1282 -3450 END
START 956 -5344 6120 5784 -1321 -3431 END
START 952 -5408 6120 5981 -1318 -3360 END
START 944 -5412 6396 6187 -1325 -3311 END
START 960 -5312 6484 6386 -1310 -3206 END
START 992 -5336 6572 6501 -1289 -3139 END
START 1004 -5292 6584 6697 -1251 -3064 END
START 1032 -5340 6848 6794 -1241 -3029 END
START 996 -5464 7204 6876 -1227 -2975 END
START 1020 -5420 7180 7007 -1204 -2945 END
START 908 -5396 7332 7110 -1158 -2873 END
START 872 -5560 7420 7165 -1123 -2852 END
START 768 -5600 7764 7230 -1132 -2846 END
START 692 -5636 8048 7326 -1118 -2820 END
START 692 -5916 8280 7390 -1138 -2819 END
START 620 -6016 8548 7525 -1193 -2875 END
START 584 -6332 8888 7603 -1209 -2921 END
START 612 -6268 8860 7731 -1321 -2988 END
START 460 -6212 8784 7768 -1383 -3035 END
START 720 -6376 9380 7833 -1417 -3046 END
START 540 -6332 9504 7964 -1509 -3091 END
START 488 -6408 9608 8065 -1606 -3119 END
START 552 -6644 9620 8164 -1672 -3115 END
START 680 -6680 9736 8223 -1739 -3173 END
START 800 -6812 9700 8256 -1798 -3236 END
START 740 -6692 9684 8230 -1824 -3289 END
START 936 -6688 9756 8263 -1839 -3318 END
START 888 -6692 9744 8299 -1844 -3340 END
START 964 -6784 9976 8269 -1887 -3396 END
START 844 -6756 10140 8278 -1916 -3411 END
START 992 -6780 10380 8311 -1979 -3414 END
START 904 -6776 10360 8383 -2104 -3450 END
START 1076 -6752 10344 8485 -2138 -3501 END
START 1144 -6948 10356 8548 -2217 -3515 END
START 1272 -6928 10744 8611 -2273 -3591 END
START 1172 -6960 10628 8683 -2322 -3651 END
START 1220 -6868 10428 8752 -2412 -3691 END
START 1268 -6756 10648 8867 -2419 -3728 END
START 1368 -7064 10580 8951 -2443 -3768 END
START 1524 -7248 10692 8782 -2413 -3885 END
START 1684 -7328 10848 8738 -2377 -3978 END
START 1500 -7228 10920 8521 -2293 -4202 END
START 1160 -6800 11236 8588 -2263 -3936 END
START 2016 -7080 11412 8852 -2208 -3707 END
START 2256 -7284 11312 8737 -2174 -3981 END
START 1948 -7944 11548 8659 -2187 -4277 END
START 1880 -8272 11840 8803 -2159 -4434 END
START 1776 -8252 11848 8906 -2145 -4506 END
START 1724 -7960 11724 8897 -2180 -4475 END
START 1828 -7656 11748 8782 -2160 -4385 END
START 2060 -7740 11852 8663 -2093 -4322 END
START 2128 -7892 12384 8550 -2036 -4213 END
START 2276 -8088 12248 8518 -1995 -4151 END
START 2512 -7916 12128 8375 -1904 -4077 END
START 2544 -7848 12344 8067 -1865 -4032 END
START 2460 -7892 12552 7766 -1751 -3949 END
START 2584 -7944 12676 7597 -1694 -3873 END
START 2512 -7980 13084 7462 -1645 -3840 END
START 2452 -8308 13204 7437 -1632 -3773 END
START 2500 -8292 13296 7422 -1634 -3753 END
START 2488 -8396 13392 7464 -1652 -3768 END
START 2504 -8560 13460 7532 -1662 -3812 END
START 2716 -8688 13316 7587 -1701 -3874 END
START 2708 -8748 13620 7702 -1694 -3965 END
START 2796 -8792 13552 7837 -1768 -4028 END
START 2756 -8776 13592 7937 -1826 -4078 END
START 2860 -8652 13820 7990 -1880 -4152 END
START 2956 -8564 13868 8072 -1933 -4186 END
START 3140 -8560 13880 8091 -1975 -4201 END
START 3224 -8592 14184 8085 -2013 -4228 END
START 3244 -8668 14160 8067 -2054 -4251 END
START 3384 -8692 14372 8055 -2054 -4234 END
START 3640 -8828 14380 8007 -2068 -4233 END
START 3712 -8716 14500 7931 -2064 -4245 END
START 3768 -8620 14780 7855 -2061 -4247 END
START 3852 -8516 14984 7751 -2049 -4235 END
START 3856 -8516 14868 7632 -2036 -4183 END
START 3992 -8388 15044 7486 -2036 -4173 END
START 4160 -8336 14864 7314 -1966 -4154 END
START 4080 -8364 14768 7134 -1948 -4103 END
START 4196 -8152 14844 6960 -1895 -4060 END
START 4192 -7940 15064 6800 -1813 -4000 END
START 4272 -7964 15264 6680 -1815 -3890 END
START 4260 -7940 15168 6509 -1794 -3821 END
START 4252 -7804 15220 6405 -1763 -3772 END
START 4304 -7824 15368 6229 -1722 -3690 END
START 4352 -7780 15728 6138 -1715 -3620 END
START 4416 -7676 15896 5982 -1715 -3586 END
START 4340 -7568 15880 5873 -1713 -3517 END
START 4356 -7332 16100 5724 -1723 -3404 END
START 4520 -7244 16100 5586 -1741 -3295 END
START 4548 -7076 16272 5439 -1751 -3185 END
START 4540 -6952 16452 5234 -1737 -3017 END
START 4652 -6664 16484 5006 -1760 -2847 END
START 4684 -6412 16420 4756 -1801 -2629 END
START 4716 -6252 16512 4478 -1752 -2357 END
START 5024 -6180 16476 4222 -1703 -2101 END
START 4976 -6068 16560 3910 -1669 -1775 END
START 5092 -5904 16636 3559 -1610 -1500 END
START 5128 -5824 16476 3258 -1517 -1140 END
START 5044 -5620 16632 2882 -1418 -808 END
START 5216 -5556 16564 2479 -1415 -526 END
START 5144 -5700 16912 2098 -1405 -236 END
START 5052 -5660 17232 1646 -1511 0 END
START 4968 -5720 17344 1351 -1646 294 END
START 5128 -5864 17452 1067 -1791 542 END
START 5112 -5924 17528 826 -1943 717 END
START 5272 -6300 17360 664 -2107 816 END
START 5168 -6464 17636 516 -2314 948 END
START 4984 -6328 17684 407 -2592 1060 END
START 5172 -6224 17388 362 -2788 1188 END
START 5316 -6152 17300 412 -2936 1336 END
START 5228 -6008 17452 564 -3072 1532 END
START 5204 -5684 16900 510 -3111 1726 END
START 5248 -5900 16808 429 -3174 1920 END
START 5388 -5676 16464 349 -3085 2170 END
START 5452 -5684 16900 261 -3006 2410 END
START 5188 -5672 16708 139 -2981 2621 END
START 5200 -5788 16616 -34 -2938 2854 END
START 5208 -5852 16848 -183 -2920 3054 END
START 5192 -5848 17164 -288 -2955 3230 END
START 4996 -5856 17044 -379 -2972 3461 END
START 5048 -5784 16508 -567 -3023 3686 END
START 5140 -5952 16520 -825 -3015 3852 END
START 4984 -6044 16788 -889 -2963 4001 END
START 4860 -5988 16284 -1045 -2869 4175 END
START 4844 -6100 16172 -1236 -2775 4308 END
START 4636 -6112 15960 -1463 -2709 4425 END